   2.0144265e+01
   2.2289839e+01
   1.5237357e+01
   2.3731284e+01
   1.5776938e+01
   8.8144016e+00
   4.0325286e+00
   1.3332965e+01
   1.8567717e+01
   1.6587039e+01
   1.7068052e+01
   1.2114572e+01
   1.5720009e+01
   6.8066714e+00
   1.1199550e+01
   1.0906035e+01
   1.7598644e+01
   1.4929200e+01
   9.2223532e+00
   1.4952375e+01
   1.1550947e+01
   1.1666504e+01
   1.9320747e+01
   1.5567097e+01
   1.6991814e+01
   1.9419849e+01
   1.5901288e+01
   1.7754273e+01
   1.8414821e+01
   2.0853043e+01
   1.7379303e+01
   2.2061163e+01
   1.5113042e+01
   1.4760653e+01
   2.3506673e+01
   1.2451441e+01
   1.4985725e+01
   1.9599335e+01
   1.5749044e+01
   2.2024667e+01
   2.0170608e+01
   1.6457851e+01
   1.1111507e+01
   1.7833480e+01
   8.0868942e+00
   1.6222373e+01
   1.9042194e+01
   1.6065208e+01
   1.9398386e+01
   2.5194381e+01
   1.9619662e+01
   1.6334587e+01
   1.8208308e+01
   1.7127427e+01
   8.4263825e+00
   1.2917944e+01
   2.1123439e+01
   1.4782079e+01
   1.7912116e+01
   9.9674996e+00
   1.5322584e+01
   1.8001460e+01
   8.1924252e+00
   1.6737963e+01
   1.4090784e+01
   1.0302326e+01
   1.4812334e+01
   5.5184775e+00
   4.3601162e+00
   9.1153833e+00
   1.0047339e+01
   9.1348384e+00
   6.3728611e+00
   1.6441140e+01
   7.0290814e+00
   1.5551094e+01
   1.8935333e+01
   1.4988866e+01
   1.5465544e+01
   1.3109215e+01
   7.5866194e+00
   1.4780907e+01
   1.9804126e+01
   2.3691225e+01
   1.2848969e+01
   6.8633863e+00
   1.5831737e+01
   1.6881330e+01
   1.3865248e+01
   9.2554386e+00
   2.5121663e+01
   3.2023824e+00
   1.2450140e+01
   8.3918720e+00
   1.1819359e+01
   1.6589257e+01
   1.5690240e+01
   1.1446325e+01
   1.8885018e+01
   1.8111970e+01
   1.8236904e+01
   1.2871842e+01
   2.0242904e+01
   1.8303535e+01
   2.7543862e+01
   2.0317298e+01
   2.0784608e+01
   1.5264894e+01
   8.5580700e+00
   1.3143894e+01
   1.1211040e+01
   1.2180155e+01
   1.7775693e+01
   1.2216110e+01
   1.0524434e+01
   1.2953361e+01
   1.4195566e+01
   1.7046672e+01
   1.0236820e+01
   1.6586587e+01
   1.5390100e+01
   2.1621927e+01
   1.3934148e+01
   1.4327607e+01
   9.1432209e+00
   8.0736866e+00
   1.6552542e+01
   1.3752555e+01
   1.7518720e+01
   1.0536693e+01
   2.4542562e+01
   1.5611154e+01
   2.0235166e+01
   1.3865399e+01
   1.4187490e+01
   1.8450259e+01
   1.7778784e+01
   9.3987250e+00
   7.3365349e+00
   9.5106612e+00
   7.9211334e+00
   1.5297853e+01
   1.2943745e+01
   1.3159946e+01
   8.1951844e+00
   1.8897837e+01
   1.7197056e+01
   1.4551888e+01
   2.0105901e+01
   1.0630103e+01
   1.7073501e+01
   1.6742206e+01
   1.6746272e+01
   1.1353764e+01
   1.6634201e+01
   1.2425592e+01
   1.0517769e+01
   8.9836591e+00
   2.0189078e+01
   1.0770279e+01
   1.4135431e+01
   8.9567397e+00
   1.3514366e+01
  -1.1601890e+00
   9.5652039e+00
   7.8678192e+00
   9.9277462e+00
   1.3933664e+01
   1.3373261e+01
   2.4721989e+01
   1.2141134e+01
   1.3749839e+01
   7.1534226e+00
   1.2613087e+01
   8.3101167e+00
   1.5151495e+01
   1.9265434e+01
   1.7021267e+01
   1.1496899e+01
   6.8472855e+00
   2.2300066e+01
   2.5250214e+01
   1.5602503e+01
   1.0050492e+01
   2.0988857e+01
   1.2036719e+01
   1.2650953e+01
   1.9431887e+01
   8.0739010e+00
   5.2162302e+00
   1.7103419e+01
   1.7003690e+01
   1.5475711e+01
   1.7483422e+01
   2.0411203e+01
   1.9852239e+01
   1.2157152e+01
   1.9049860e+01
   1.5866237e+01
   1.2472287e+01
   9.0334710e+00
   1.8234855e+01
   1.3231887e+01
   1.5232173e+01
   1.1035262e+01
   7.2474276e+00
   1.5857932e+01
   1.4689304e+01
   2.0995139e+01
   1.9008520e+01
   2.0266523e+01
   1.1255616e+01
   1.0318368e+01
   8.6545661e+00
   1.7489903e+01
   2.8945406e+01
   1.8637860e+01
   1.1134679e+01
   1.9183169e+01
   9.3583484e+00
   7.8776495e+00
   1.8587212e+01
   1.1110472e+01
   1.6579929e+01
   2.2032676e+01
   1.7005623e+01
   1.9648301e+01
   6.9709890e+00
   1.8307681e+01
   2.5692511e+01
   1.7705697e+01
   7.2956141e+00
   1.3984286e+01
   1.2500174e+01
   1.6915120e+01
   1.7060177e+01
   1.7027463e+01
   1.3181096e+01
   1.2003640e+01
   1.2052055e+01
   1.9267704e+01
   5.7349596e+00
   1.3963484e+01
   1.6351891e+01
   1.1736145e+01
   1.7386136e+01
   1.4643402e+01
   1.0308494e+01
   1.5806818e+01
   1.3659086e+01
   1.2950637e+01
   1.1443386e+01
   1.5307227e+01
   5.7693538e+00
   1.3008334e+01
   1.2282259e+01
   1.0440507e+01
   1.8263493e+01
   1.1328644e+01
   1.7703165e+01
   1.9879204e+01
   1.4215648e+01
   1.6388997e+01
   1.8197587e+01
   1.4595110e+01
   1.7704351e+01
   8.6871758e+00
   2.0552119e+01
   1.0052187e+01
   5.8558203e+00
   2.1922493e+01
   1.4686366e+01
   1.7244606e+01
   1.3183708e+01
   9.8970830e+00
  -3.6494270e-01
   1.8131395e+01
   1.3566577e+01
   1.4013285e+01
   1.7028027e+01
   7.9032577e+00
   1.1352774e+01
   2.0736639e+01
   1.7989323e+01
   8.5935937e+00
   3.9836788e+00
   1.2143768e+01
   1.6069982e+01
   1.9711885e+01
   1.5468627e+01
   9.3884414e+00
   1.6530789e+01
   9.1383257e+00
   1.0195167e+01
   1.1731325e+01
   8.8530318e+00
   1.3645174e+01
   1.0500250e+01
   1.3571569e+01
   1.2687892e+01
   1.2951074e+01
   1.2482305e+01
   2.1166486e+01
   1.8051526e+01
   1.5295361e+01
   7.6652663e+00
   6.8709837e+00
   5.1762379e+00
   2.8025979e+01
   1.9861874e+01
   1.6284905e+01
   1.0128798e+01
   9.2681781e+00
   1.7738198e+01
   2.2825420e+01
   6.5332817e+00
   1.2753013e+01
   1.4578540e+01
   5.0400141e+00
   1.9206228e+01
   1.2926705e+01
   2.4560904e+01
   1.3045506e+01
   1.7045910e+01
   9.2878592e+00
   1.1875681e+01
   9.1563858e+00
   1.6962876e+01
   2.1509198e+01
   1.2031791e+01
   1.7181877e+01
   1.2478188e+01
   1.5510539e+01
   2.0981253e+01
   1.5601414e+01
   9.8157830e+00
   1.0714484e+01
   1.4150628e+01
   1.4041659e+01
   1.0670924e+01
   1.5903321e+01
   2.1332642e+01
   1.3744154e+01
   1.3977150e+01
   3.9923905e+00
   1.1127434e+01
   8.0336371e+00
   1.3068827e+01
   1.7627932e+01
   2.2616346e+01
   2.3992472e+01
   1.4415579e+01
   1.3399019e+01
   1.9087581e+01
   1.7450796e+01
   1.8826256e+01
   1.8891395e+01
   7.5984741e+00
   1.7701820e+01
   1.4542305e+01
   1.1198738e+01
   1.1532023e+01
   2.1407289e+01
   1.0951312e+01
   8.8159082e+00
   1.6073432e+01
   2.5053859e+01
   1.5127772e+01
   1.6541497e+01
   1.0308764e+01
   2.3371080e+01
   1.5624941e+01
   1.7650506e+01
   1.0239659e+01
   1.9270214e+01
   1.6945729e+01
   9.2199946e+00
   1.5198701e+01
   1.2747007e+01
   1.5546240e+01
   1.3747236e+01
   1.4050492e+01
   9.8354324e+00
   1.3383540e+01
   1.8832634e+01
   2.3723366e+01
   9.1974004e+00
   2.6887059e+01
   2.2630390e+01
   1.5842538e+01
   1.3493967e+01
   1.1506729e+01
   1.9163853e+01
   1.1526974e+01
   1.2690585e+01
   1.9418086e+01
   1.7179721e+01
   1.9483737e+01
   1.7523660e+01
   1.2995514e+01
   1.2430760e+01
   1.8981838e+01
   1.1644049e+01
   2.0933295e+01
   1.8953510e+01
   1.6438607e+01
   1.5016131e+01
   1.6828086e+01
   3.2633389e+01
   1.4437817e+01
   7.2170303e+00
   2.4575511e+01
   1.8049230e+01
   1.1760442e+01
   2.8086675e+01
   1.7754752e+01
   1.6471018e+01
   1.1110781e+01
   9.6753495e+00
   6.1579298e+00
   1.2885402e+01
   9.7344879e+00
   1.8238776e+01
   1.3411859e+01
   2.3844958e+01
   2.2552912e+01
   1.5820052e+01
   1.3586181e+01
   2.0760829e+01
   9.2674618e+00
   1.8368493e+01
   1.1654435e+01
   1.2998386e+01
   1.1640988e+01
   1.7878145e+01
   1.1109532e+01
   9.6821940e+00
   1.7764892e+01
   1.2882856e+01
   1.6807936e+01
   1.3240554e+01
   1.6347704e+01
   2.1777532e+00
   1.7329321e+01
   2.4267805e+01
   2.0196447e+01
   1.9554483e+01
   1.3801344e+01
   1.5904990e+01
   1.6221248e+01
   1.5481964e+01
   1.0847658e+01
   1.3238739e+01
   1.4126125e+01
   1.2596733e+01
   1.9184184e+01
   2.7691747e+01
   8.3833287e+00
   1.5641701e+01
   7.7881042e+00
   2.1512541e+01
   2.2049558e+01
   6.6872851e+00
   2.4718422e+01
   9.5765077e+00
   1.6134095e+01
   2.0494646e+01
   1.5735944e+01
   2.6478329e+01
   2.8762789e+01
   1.5691589e+01
   5.4646690e+00
   1.3175035e+01
   1.0759450e+01
   1.1176233e+01
   9.3615259e+00
   1.5390944e+01
   2.5533148e+01
   1.1420763e+01
   1.3597422e+01
   2.0832375e+01
   2.1064107e+01
   1.7427705e+01
   2.0130082e+01
   1.9353630e+01
   1.3091211e+01
   1.7144465e+01
   1.3504347e+01
   1.0500657e+01
   1.8173727e+01
   1.5337268e+01
   1.4064397e+01
   1.6458637e+01
   1.9938473e+01
   1.6964673e+01
   1.5972757e+01
   1.6398925e+01
   1.5256102e+01
   1.1127669e+01
   1.8933909e+01
   2.2044535e+01
   1.2329507e+01
   2.4638792e+01
   1.4118762e+01
   1.3781248e+01
   1.0511997e+01
   1.1038316e+01
   1.0235127e+01
   1.6769527e+01
   2.2985132e+01
   1.7637351e+01
   1.9271012e+01
   2.1709233e+01
   2.5023328e+00
   1.4162203e+01
   1.6765077e+01
   1.8586269e+01
   8.4757418e+00
   9.9706552e+00
   1.8953417e+01
   1.4417143e+01
   1.7765449e+01
   1.0196776e+01
   6.8309880e+00
   1.8806001e+01
   2.0966536e+01
   2.3160286e+01
   7.3390520e+00
   8.3157380e+00
   7.6307675e+00
   1.4791685e+01
   1.1922463e+01
   2.1570774e+01
   7.7246671e+00
   6.2882539e+00
   1.6026523e+01
   2.0964652e+01
   1.0985885e+01
   8.6718179e+00
   1.4253343e+01
   6.8177666e+00
   1.5086722e+01
   1.9141936e+01
   1.6088692e+01
   5.4537755e+00
   1.2315891e+01
   1.3489839e+01
   2.4067911e+01
   1.9574259e+01
   1.4714596e+01
   2.1546810e+01
   9.7763208e+00
   1.3258666e+01
   2.2062806e+01
   2.2511915e+01
   1.8651880e+01
   1.7453761e+01
   1.2069369e+01
   1.8724498e+01
   1.0859225e+01
   1.7872604e+01
   1.6409207e+01
   2.0696531e+01
   1.2870661e+01
   1.8180699e+01
   1.8965890e+01
   1.0508114e+01
   1.5781224e+01
   2.2986270e+01
   1.5562199e+01
   1.3456875e+01
   1.7283298e+01
   1.3624496e+01
   1.7215718e+01
   1.4326174e+01
   1.4908359e+01
   1.7303947e+01
   2.1811577e+01
   1.7259373e+01
   2.3241918e+01
   4.8581902e+00
   1.2753716e+01
   1.6179966e+01
   1.0824135e+01
   8.6202242e+00
   1.8085175e+01
   1.8063508e+01
   1.6446906e+01
   1.6976581e+01
   1.0647186e+01
   1.2511558e+01
   1.4466641e+01
   1.1560854e+01
   1.6659404e+01
   2.6826124e+01
   1.2588846e+01
   1.8237241e+01
   9.8278764e+00
   2.1697773e+01
   1.0154298e+01
   1.6043578e+01
   1.1907033e+01
   1.7560078e+01
   1.5056771e+01
   1.4780057e+01
   2.9745463e+01
   1.1849769e+01
   1.4765603e+01
   2.8415128e+01
   9.2665466e+00
   1.7764994e+01
   9.6177080e+00
   2.0153198e+01
   1.6637649e+01
   1.8260624e+01
   1.3605694e+01
   1.6225958e+01
   2.2362567e+01
   3.6244923e+00
   6.8335464e+00
   1.7077345e+01
   1.1726156e+01
   1.3518258e+01
   7.5154056e+00
   1.0475828e+01
   1.2979092e+01
   1.1371009e+01
   1.0667575e+01
   1.2890766e+01
   1.0286668e+01
   2.1709419e+01
   1.0057826e+01
   2.4089713e+01
   1.3127817e+01
   7.7412964e+00
   1.1906591e+01
   1.9672505e+01
   2.0279646e+01
   1.5801136e+01
   1.6437002e+01
   1.8164528e+01
   7.7047907e+00
   1.2091451e+01
   5.8492534e+00
   1.2754485e+01
   1.9746374e+01
   1.8587207e+01
   2.6439143e+01
   1.5833638e+01
   4.2175462e+00
   2.3446997e+01
   2.1411404e+01
   1.2086845e+01
   1.6113072e+01
   1.8897257e+01
   1.6923536e+01
   1.8481835e+01
   1.4436422e+01
   1.4805881e+01
   1.5440443e+01
   1.1051720e+01
   2.2114803e+01
   1.5031658e+01
   1.8432404e+01
   1.0725332e+01
   9.6238234e+00
   1.4545164e+01
   1.3736141e+01
   2.0974119e+01
   1.8030319e+01
   1.7702572e+01
   7.7753029e+00
   1.0161531e+01
   1.6010257e+01
   1.3260610e+01
   2.1450440e+01
   2.1705769e+01
   1.2096012e+01
   1.9375678e+01
   2.1977249e+01
   1.6604926e+01
   2.3116912e+01
   2.0312167e+01
   1.6070526e+01
   1.9384016e+01
   1.5972035e+01
   1.2925539e+01
   1.6792294e+01
   1.5181113e+01
   1.3176844e+01
   2.3855098e+01
   1.6106365e+01
   2.8651888e+01
   1.3519173e+01
   1.7821478e+01
   2.2913103e+01
   2.8646151e+01
   1.6517821e+01
   1.1048708e+01
   1.9016901e+01
   8.4004865e+00
   1.3630771e+01
   1.6359335e+01
   2.2447768e+01
   2.2185708e+01
   1.4862193e+01
   1.9619657e+01
   1.3393598e+01
   1.8305624e+01
   2.4576470e+01
   1.5783798e+01
   1.3497318e+01
   1.2499826e+01
   1.8582357e+01
   2.1686444e+01
   2.5628400e+01
   1.5270229e+01
   1.5815180e+01
   1.1836466e+01
   2.3059957e+01
   1.4622756e+01
   1.2633814e+01
   2.5921204e+01
   1.9049406e+01
   1.8581714e+01
   9.9721443e+00
   1.7169933e+01
   1.7600718e+01
   9.5387774e+00
   1.3871028e+01
   1.2975391e+01
   1.7639296e+01
   9.9651857e+00
   2.0445134e+01
   2.3924374e+01
   1.3481227e+01
   1.4956517e+01
   1.7533175e+01
   2.1016260e+01
   1.7610089e+01
   1.6985230e+01
   1.2585946e+01
   1.3842514e+01
   1.8066926e+01
   2.3414253e+01
   1.7841968e+01
   8.9698537e+00
   1.7165302e+01
   1.4539396e+01
   1.3779725e+01
   1.3904057e+01
   1.0601166e+01
   1.3395978e+01
   1.1077924e+01
   1.3175187e+01
   1.5586353e+01
   1.5871698e+01
   1.3921718e+01
   1.4236943e+01
   1.5168441e+01
   1.7291411e+01
   2.1408156e+01
   1.8100450e+01
   1.3566631e+01
   1.7990079e+01
   1.3772337e+01
   6.0963141e+00
   3.2638039e+00
   6.4320235e+00
   1.3814364e+01
   1.1901871e+01
   1.1399198e+01
   1.5203286e+01
   1.1705093e+01
   1.1847425e+01
   1.8048125e+01
   1.8911675e+01
   2.7182922e+01
   1.6512037e+01
   1.5291599e+01
   1.2129330e+01
   1.4023938e+01
   1.4747344e+01
   6.2211248e+00
   1.3713212e+01
   1.8747709e+01
   1.2146178e+01
   1.7471167e+01
   1.9957202e+01
   2.0385701e+01
   1.8884209e+01
   3.7007982e+00
   1.2178117e+01
   1.9507457e+01
   1.6973378e+01
   1.5024272e+01
   1.7184593e+01
   2.0650364e+01
   1.5768854e+01
   1.1206864e+01
   1.4099185e+01
   1.3961052e+01
   1.9483726e+01
   1.7061539e+01
   1.7737598e+01
   1.5739175e+01
   1.3188664e+01
   1.5305706e+01
   1.6083528e+01
   8.0093879e+00
   1.5894352e+01
   1.9637921e+01
   1.4449110e+01
   2.2861989e+01
   1.7802453e+01
   1.2898277e+01
   1.4230273e+01
   1.3624007e+01
   1.6205602e+01
   1.8773432e+01
   1.3540451e+01
   1.7292227e+01
   2.3776443e+01
   1.9657453e+01
   1.9126322e+01
   1.0925964e+01
   1.2328979e+01
   1.6212758e+01
   1.4496760e+01
   6.8747578e+00
   7.4278842e+00
   2.0130947e+01
   1.1209363e+01
   2.5391724e+01
   3.8900670e+00
   1.7243818e+01
   1.5003131e+01
   1.1218803e+01
   1.7021624e+01
   1.1030736e+01
   1.9298916e+01
   1.5334346e+01
   6.8030630e+00
   2.8762504e+00
   1.3580850e+01
   2.0729031e+01
   1.5905846e+01
   1.5271251e+01
   1.8438768e+01
   8.0329635e+00
   2.2126829e+01
   1.0530744e+01
   1.5188823e+01
   1.3182154e+01
   1.5747782e+01
   5.2774095e+00
   2.2619474e+01
   1.7729051e+01
   2.5049637e+01
   2.2083353e+01
   1.5057403e+01
   1.0304753e+01
   6.3054581e+00
   1.5084855e+01
   1.6095795e+01
   2.0229103e+01
   1.0245087e+01
   1.8973987e+01
   1.5357149e+01
   1.1131565e+01
   1.8870809e+01
   1.6328274e+01
   1.3824472e+01
   2.4386461e+01
   1.8046197e+01
   1.4448631e+01
   1.6387287e+01
   1.5435230e+01
   1.5867965e+01
   1.7267956e+01
   1.1982410e+01
   1.1014880e+01
   1.6803244e+01
   2.4425458e+01
   1.3465891e+01
   9.9363802e+00
   1.3807272e+01
   1.2579926e+01
   1.3363277e+01
   1.7377590e+01
   1.4349976e+01
   1.2028234e+01
   1.2781165e+01
   8.3873518e+00
   1.0702394e+01
   7.9349941e+00
   1.2420070e+01
   9.5745095e+00
   1.1464207e+01
   1.3491727e+01
   8.9977975e+00
   1.4903189e+01
   1.6701853e+01
   1.0183845e+01
   2.0569613e+01
   7.0694729e+00
   1.3041027e+01
   7.5765689e+00
   1.3276864e+01
   8.3804205e+00
   1.2125825e+01
   1.1296466e+01
   9.0749906e+00
   4.6756998e+00
   1.7825299e+01
   2.5000712e+01
   2.6116639e+01
   1.2539112e+01
   1.4769985e+01
   1.2671265e+01
   1.5379737e+01
   1.0406152e+01
   5.4026674e+00
   1.4817784e+01
   8.8743714e+00
   5.4878284e+00
   2.6871243e+01
   1.3833271e+01
   1.7019404e+01
   2.0962343e+01
   6.5762058e+00
   1.7065743e+01
   1.7508726e+01
   1.5415322e+01
   1.5788990e+01
   1.2360287e+01
   1.8615303e+01
   1.0750292e+01
   1.1018080e+01
   1.8626688e+01
   2.3432722e+01
   1.3068029e+01
   1.2474608e+01
   1.7040369e+01
   2.0361781e+01
   1.9839914e+01
   1.6350728e+01
   1.1827967e+01
   1.8148816e+01
   1.4603831e+01
   2.1884746e+01
   7.9589376e+00
   1.5706158e+01
   2.1448597e+01
   1.2525319e+01
   1.1875875e+01
   1.0331829e+01
   1.3606375e+01
   1.3997375e+01
   1.5683706e+01
   1.0583256e+01
   1.5412690e+01
   1.1980626e+01
   1.3156359e+01
   1.0809148e+01
   1.3587625e+01
   3.2849339e+01
   3.2037662e+01
   2.0734589e+01
   1.8936288e+01
   8.6093132e+00
   1.2077034e+01
   1.1902972e+01
   1.7676505e+01
   1.7414935e+01
   1.5542375e+01
   1.3298576e+01
   1.0370758e+01
   1.5026608e+01
   2.0695747e+01
   1.7136806e+01
   1.5905161e+01
   1.8287399e+01
   1.7921228e+01
   6.9177435e+00
   1.5093872e+01
   1.2870196e+01
   4.8298637e+00
   8.3572372e+00
   1.3400572e+01
   1.9127152e+01
   1.3853536e+01
   1.6311254e+01
   1.0510102e+01
   4.2134865e+00
   1.5469584e+01
   1.0244093e+01
   2.0862950e+01
   2.3675479e+01
   1.3141520e+01