 3.6130014e+00
   7.5016550e+00
  -4.7765406e+00
   4.5865200e+00
   2.9562957e+00
  -1.9230649e+00
   6.9922393e-01
   3.0278734e+00
   1.2735191e+01
   1.0308311e+01
  -2.0496608e+00
   1.1104770e+01
   4.1762127e+00
   1.8108354e+00
   4.1442287e+00
   1.3851018e+00
   1.6275670e+00
   6.4690928e+00
   6.2271035e+00
   6.2515772e+00
   4.0144914e+00
  -1.6224608e+00
   4.1517160e+00
   6.8907059e+00
   3.4666813e+00
   5.1040790e+00
   4.1806554e+00
   1.0896772e+00
   2.8816144e+00
  -3.6184841e-01
   4.6651869e+00
  -1.4412103e+00
  -1.2066114e+00
  -4.2849608e-01
  -6.8328525e+00
   6.3151409e+00
   2.9755716e+00
  -2.6478496e-01
   6.1108956e+00
  -3.1345493e+00
   1.6932727e+00
   1.2756589e+00
   2.9576202e+00
   2.9385758e+00
  -5.9463975e-01
   1.9098461e+00
   1.5053629e+00
   3.8831219e+00
   5.2797970e+00
   5.3278199e+00
  -5.9095847e-01
   2.2320773e+00
  -1.6423511e+00
  -1.3405022e+00
   1.9794520e+00
   6.5978909e+00
  -3.0899774e-01
   3.1141364e+00
   1.3232468e+00
   5.3520684e+00
  -1.2671929e+00
   2.0976724e+00
   3.6575811e+00
   5.3018307e+00
   6.6326357e+00
   2.2577934e+00
  -2.4747709e+00
  -2.2690551e-01
  -1.1847452e+00
   9.0513717e+00
   1.5319436e-01
   4.2442304e+00
   1.4227445e+00
   4.6658313e+00
  -2.9454771e-01
  -2.2068069e+00
  -2.2671278e+00
   3.4645817e+00
   1.4678745e+00
   1.4118395e+00
   6.2579305e+00
   2.8747531e+00
   2.5934332e+00
   6.7630973e+00
  -4.1339787e-01
   4.0898732e+00
   4.5052645e+00
   1.2688546e+00
   2.6470103e+00
  -1.4975318e+00
  -1.4438583e+00
   2.3146241e+00
   4.1667621e+00
   9.7564738e+00
  -6.7201210e-04
   2.5619931e+00
   1.7525167e+00
  -3.7990688e+00
   6.8310154e-01
  -3.3840365e+00
   4.5211266e+00
  -6.6409625e-01
   2.3002785e+00
   3.6641321e-01
   2.9105624e+00
   1.9902031e-01
   3.4698960e+00
   4.2180894e+00
   7.1356633e+00
   1.4176294e+00
  -4.4150658e+00
  -5.1876624e-01
   6.0637830e+00
  -1.2164659e+00
   4.8828616e+00
   2.3721494e+00
   6.3100899e+00
  -3.8827000e+00
   1.4069053e+00
  -1.6235365e+00
   1.0724024e+01
   4.4756567e+00
   6.1369159e+00
  -1.1745408e+00
   5.9415326e-01
   1.1825918e+00
   5.2952739e+00
   1.1663842e+00
   4.1046244e+00
  -4.1554489e+00
   9.3845001e-01
  -4.7075958e-01
  -2.7311711e+00
   3.5239240e+00
   2.8459522e+00
   2.1004396e+00
  -2.0010338e+00
   5.3824768e+00
   3.0505382e+00
   1.1028019e+00
   2.0686694e+00
   1.2140137e+00
  -3.2506371e+00
   1.1430471e+00
  -4.9409953e-01
  -9.3761892e-01
  -1.4692050e+00
   3.9932867e-01
  -4.0079072e+00
   4.8926883e+00
   3.5601803e+00
   1.9399164e+00
   1.8956867e+00
  -3.9449075e-01
   5.0560558e+00
   1.6003476e+00
  -1.4359049e-01
   6.0541573e+00
   1.3256868e+00
   2.3291291e-01
   1.1187392e+00
  -5.4377873e-01
  -1.3603849e+00
   9.5779991e+00
   6.9664928e+00
   2.9226055e+00
  -1.7713551e+00
  -5.9640409e-01
   1.4703977e+00
   4.3742482e+00
  -1.9960133e+00
  -4.9896015e+00
  -2.3472919e+00
   3.0005325e+00
   3.1740608e+00
   3.3550383e+00
   1.6091460e+00
   2.5510673e+00
   5.7154095e-01
   4.5860648e+00
  -2.0850834e+00
   3.3650887e+00
  -5.4612814e-01
   9.9533918e-01
   3.6583500e+00
   5.1172720e+00
  -1.3529160e+00
   5.7819761e+00
   3.9804294e+00
   1.7964033e+00
   1.4143364e+00
   1.3471809e+00
   1.0906771e+00
   2.0691369e+00
   2.1538711e+00
   4.4781884e+00
   6.5809301e+00
   3.4007433e+00
   1.3708600e+00
   3.8755711e+00